===== Varying T, F = 256, B = 5000, rho = 48 * 48 =====
T = 52, 63, 64, 65, 127, 128, 129, 255, 256, 257
non-batched, 4 streams: 0.0110037, 0.0110882, 0.0111073, 0.0111716, 0.0147088, 0.0115303, 0.016635, 0.0180365, 0.0139413, 0.0242399
non-batched, 1 stream = 0.0112376, 0.0177452, 0.0117916, 0.0178462, 0.0173882, 0.012292, 0.023898, 0.0258825, 0.0172085, 0.0349086
batched = 0.0109504, 0.0109118, 0.0108198, 0.0143588, 0.0164905, 0.0114361, 0.0228828, 0.0319658, 0.017716, 0.0390608

===== Varying B, F = 256, T = 256, rho = 48 * 48 =====
B = 1000, 2000, 3000, 4000, 5000, 6000, 7000, 8000, 9000, 10000
non-batched: 0.00567851, 0.0096864, 0.0114241, 0.0154121, 0.0172192, 0.0204458, 0.0225569, 0.0256529, 0.0288733, 0.0252375
batched: 0.0028405, 0.0051754, 0.0105983, 0.0122579, 0.0177033, 0.0149571, 0.0174834, 0.0245118, 0.0317979, 0.0303742

B = 4999, 5000, 5001, 5002, 5004, 5008, 5024, 5056
non-batched: 0.0265404, 0.01722, 0.02649, 0.015856, 0.0158561, 0.0170237, 0.0170653, 0.0170023
batched: 0.0302334, 0.0177056, 0.0302166, 0.0150731, 0.0150456, 0.0153139, 0.0153675, 0.0154838